When run on extracted features from 1 CNN on Test Set:

NB Test Set Accuracy:  0.8126
[[763  13  28   8  10   1   4   9 134  29]
 [  9 885   0   3   1   3  12   2  21  40]
 [ 41   1 761  23  54  26  66  17  23   4]
 [ 21   3  31 675  29  99  81  19  30  14]
 [ 27   1  21  37 792  15  42  45  14   5]
 [  8   1  27 113  25 771  27  35   2   4]
 [  6   6  24  22  17   5 895   4  12   0]
 [ 10   0  11  20  43  37   2 897   7  16]
 [ 32  30   8   9   0   2   4   3 862  43]
 [ 21  52   1  11   2   2   8  12  34 825]]
[ 76.4  90.7  74.9  67.4  79.3  76.1  90.3  86.   86.8  85.2]

DT (1) Test Set Accuracy:  0.6838
[[656  24  70  42  27  21  27  23  99  39]
 [ 24 856  10  15   4   6   8   8  29  64]
 [ 63   3 585  62  89  75  66  27  19   3]
 [ 24   9  57 556  66 129  53  53  19  21]
 [ 24   0  73  69 631  63  48  71  10   6]
 [ 21   9  52 171  42 608  29  63   9  10]
 [ 12   8  78  62  55  36 697  16  13   8]
 [ 32   9  52  54  85  64  22 714   8  13]
 [ 65  30  25  11   8   5  12   8 748  33]
 [ 29  85  10  13   2   4   5  14  28 787]]
[ 63.8  83.6  59.   56.3  63.4  60.   70.8  67.8  79.2  80.6]

DT (100) Test Set Accuracy:  0.6879
[[653  24  76  39  32  26  25  23  86  33]
 [ 34 853   4   9   8   3  12   6  29  68]
 [ 61   7 569  63  78  54  66  41  24   8]
 [ 44   9  62 562  66 142  59  50  18  15]
 [ 24   3  84  57 630  53  42  87  18   9]
 [ 16   5  59 145  72 573  35  59   2  14]
 [ 19   7  59  80  41  29 715  14   7   4]
 [ 29   5  41  37  77  52  18 727   7  10]
 [ 69  27  20  12  10   9  17   9 787  29]
 [ 28  83  13  16   4   7   6  10  28 810]]
[ 64.2  83.1  58.6  54.7  62.6  58.5  73.3  72.5  79.6  80.6]

SVM Test Set Accuracy:  0.9
[[901   6  13   7   4   2   1   5  30  10]
 [  8 943   0   4   1   0   1   0   8  35]
 [ 24   1 832  26  28  19  21   7   6   2]
 [ 11   2  30 844  18  70  24   9   8   6]
 [ 13   0  25  24 906  13  11  16   3   1]
 [  4   0  26  92  24 813  13  17   4   0]
 [  4   2  22  21  14   9 975   5   3   0]
 [  9   0   9  13  21  12   2 910   1   2]
 [ 27   7   1   7   2   2   4   1 979   4]
 [ 15  18   1   6   1   2   1   5  14 897]]
[ 92.   94.3  86.1  82.6  89.5  81.9  92.4  93.   94.7  93.4]