Softmax Test Set Accuracy: 0.409100
[[476  73  35  41  20  30  23  58 152  57]
 [ 58 482  20  35  28  27  40  51  72 142]
 [116  45 259  75 131  68 137  86  51  33]
 [ 70  62  85 286  55 173 130  50  42  59]
 [ 80  28 139  77 323  61 129 104  27  28]
 [ 37  54 113 211  81 307  70  62  60  35]
 [ 14  40  61 161 108  74 456  34  21  27]
 [ 50  34  68  73 107  65  47 438  33  85]
 [183  66  16  33  19  28  14  14 576  94]
 [ 90 164  20  23  20  18  40  47  92 488]]
[ 49.3  50.5  25.9  28.3  32.4  29.8  45.8  43.8  55.2  48.7]

OVA Logistic Regression Test Set Accuracy:  0.4022
[[493  42  19  34  17  36  22  53 186  78]
 [ 69 494  16  18  18  60  46  48 103 167]
 [110  37 263  68 112 110 176  83  59  36]
 [ 64  56  71 225  29 255 136  41  68  68]
 [ 76  30 119  55 256  97 154  92  34  22]
 [ 39  46  96 161  48 347 100  60  49  30]
 [ 34  43  36  99  85  95 496  36  27  27]
 [ 51  50  52  49 112  89  51 426  47  95]
 [160  65  16  28   9  52  17  23 547  96]
 [ 70 167  10  15  13  26  49  40 125 475]]
[ 50.3  47.5  25.   22.2  27.4  35.6  50.7  41.7  54.   48. ]

G Naive Bayes Test Set Accuracy: 0.283300
[[444  46  29  13  90  30  53  12 232  89]
 [128 164  23  43  67  88 202  17 121 183]
 [222  18  75  20 304  37 203  27  51  37]
 [189  32  44  70 136 155 249  31  34  67]
 [106   3  45  22 409  44 220  20  62  49]
 [145  23  55  28 168 258 186  37  51  43]
 [104  10  41  17 247  50 466  11  21  39]
 [124  26  51  38 247  92 114 115  52 125]
 [170  50  13  16  47  79  55   9 437  90]
 [149  89  11  11  40  42  88  27 143 395]]
[ 42.8  15.8   7.5   7.   41.7  26.   46.3  11.7  45.2  39.7]

B Naive Bayes Test Set Accuracy:  0.2728
[[505  60   7   9  11  35 104  21 157  77]
 [167 143   4  19  49  80 230  28 106 190]
 [270  39  90  16  93  67 309  44  45  59]
 [176  27  38  45  52 168 289  41  32  86]
 [127  23  52  10 191  86 352  52  36  64]
 [167  24  35  22  64 259 252  35  42  47]
 [114  22  33  14  55  76 579  59  10  62]
 [145  34  31  28 115  90 194 151  40 161]
 [266  56   3  18   5  91  77   4 375 120]
 [196  78   7  16  16  38 121  46 136 390]]
[ 51.2  14.1   8.7   4.7  19.2  27.3  56.5  15.3  36.9  37.4]

M Naive Bayes (4 BINS) Test Set Accuracy:  0.292
[[351  46  40  21  19  62  26  72 205 131]
 [ 44 152   3  33  45 155  66  62 154 291]
 [126  32 126  50 106 183 155  95  74  86]
 [ 43  36  47 113  53 336 101 106  61 120]
 [ 55  26  66  37 207 189 189 107  65  90]
 [ 36  21  65  84  43 471  77  93  73  80]
 [ 23  39  37  40  61 259 326 109  44  73]
 [ 34  32  35  35 127 167  64 255  49 149]
 [118  35   8  17   8 110   6  23 426 210]
 [ 59  84   5   9  18  57  33  66 156 493]]
[ 36.1  15.1  12.2  11.1  20.1  45.2  32.2  26.9  44.3  50.3]

M Naive Bayes (8 BINS) Test Set Accuracy:  0.2934
[[384  39  34  25  17  75  31  72 192 137]
 [ 36 191  13  33  43 141  52  56 158 298]
 [118  31 123  38  92 149 145 126  67 104]
 [ 41  34  45  90  61 349 104 122  50 114]
 [ 52  22  79  41 184 219 178  95  46  87]
 [ 30  20  62  84  47 422  81 100  61  75]
 [ 18  39  33  40  48 260 330 120  36  74]
 [ 29  33  23  36 129 203  76 269  55 181]
 [114  44   5  15  12 120   2  15 433 235]
 [ 39  87  10  13  16  45  34  50 156 508]]
[ 38.2  18.7  12.4   8.9  18.3  43.   33.1  26.   43.5  53. ]

M Naive Bayes (16 BINS) Test Set Accuracy:  0.2927
[[355  36  40  39  14  76  26  79 220 129]
 [ 46 172   9  36  43 145  49  52 167 301]
 [121  37 130  35 128 173 163 118  73  69]
 [ 29  48  58  97  52 316  87 128  48 121]
 [ 58  23  73  29 200 202 175  86  45  87]
 [ 26  21  61  80  64 453  78 100  46  64]
 [ 24  42  32  38  45 250 346 122  34  75]
 [ 35  27  42  37 125 198  61 257  58 193]
 [100  49  12  24   8 115   3  25 441 198]
 [ 39  89   7  18  18  62  28  63 148 476]]
[ 35.   16.9  12.4   9.9  20.4  45.6  34.3  24.9  45.2  50.2]

M Naive Bayes (32 BINS) Test Set Accuracy:  0.2932
[[374  46  32  23  21  72  28  89 208 150]
 [ 44 171   7  30  49 157  55  57 154 285]
 [120  31 127  33  97 171 165  96  80  58]
 [ 41  34  46 103  51 320  94 123  53 125]
 [ 52  25  72  37 212 210 165 113  55  96]
 [ 27  20  70  79  35 425  80  95  71  62]
 [ 15  43  45  36  63 260 300 118  30  78]
 [ 31  24  42  29 118 155  51 251  60 198]
 [119  40   6  13  11 133   2  16 466 229]
 [ 37 101   7  16  24  57  24  64 164 503]]
[ 35.9  16.9  13.   10.4  20.4  44.1  30.4  26.2  45.   50.5]

M Naive Bayes (64 BINS) Test Set Accuracy:  0.2987
[[365  34  25  31  19  73  32  73 191 161]
 [ 36 158  11  38  39 146  57  57 155 305]
 [106  28 130  48  89 171 158  99  59  69]
 [ 36  34  52 101  40 310  99 121  60 121]
 [ 49  20  77  41 191 201 199 105  51  78]
 [ 34  18  72  70  54 438  68 108  49  76]
 [ 17  39  37  42  52 232 320 131  28  84]
 [ 22  24  38  36 128 194  67 265  53 200]
 [104  37  11  19   7 143   3  19 457 212]
 [ 44  73   7  19  17  51  30  73 167 562]]
[ 36.4  15.8  13.6  10.4  18.9  44.4  32.6  25.8  45.2  53.9]

M Naive Bayes (128 BINS) Test Set Accuracy:  0.2841
[[330  36  33  32  25  70  33  70 197 149]
 [ 43 164   7  32  35 157  49  44 166 314]
 [129  34 124  43 108 188 160 112  74  77]
 [ 46  23  47  97  65 330  94 109  55 120]
 [ 55  23  72  30 188 235 186  86  53  73]
 [ 28  22  76  65  59 447  73 125  65  67]
 [ 20  29  39  48  51 277 277 124  35  74]
 [ 26  36  41  32 134 171  63 243  54 190]
 [106  41   7  17  12 117   4  16 468 240]
 [ 48  78  12   8  18  52  35  75 130 503]]
[ 33.8  16.2  11.8   9.8  18.8  43.5  28.4  24.5  45.5  52.5]


M Naive Bayes (256 BINS) Test Set Accuracy:  0.3017
[[349  33  27  20  23  68  35  80 206 136]
 [ 43 166  11  36  48 143  53  50 171 309]
 [126  30 143  35 112 167 159 110  70  67]
 [ 55  39  43  98  51 305  92 127  42 122]
 [ 58  18  60  33 203 224 181  82  54  93]
 [ 19  22  59  64  56 421  71  89  55  64]
 [ 14  41  31  47  45 247 335 146  35  92]
 [ 34  27  34  39 105 160  60 275  68 197]
 [ 81  45  11  21  13 107   6  19 470 215]
 [ 41  95   9  13  24  56  25  79 155 557]]
[ 35.7  16.1  14.   10.1  20.2  45.8  32.4  27.5  47.6  52.8]